180 0.004899636478583847
178 0.005426479110689637
81 0.00561965474246176
160 0.009693904430746535
174 0.006269427322058901
165 0.008394359271552253
98 0.008728026271885922
166 0.008868517640447465
172 0.006743585690954112
181 0.005110373531426163
155 0.010817835379238888
146 0.011309555169204292
94 0.007639218165533955
132 0.0132939957501361
134 0.013416925697627452
93 0.007498726796972411
122 0.011994450590941818
145 0.012503731801977416
130 0.012626661749468767
141 0.012187626222713943
151 0.011924204906661047
167 0.008850956219377272
105 0.009781711536097502
80 0.005584531900321374
148 0.011572976485257187
119 0.011660783590608152
177 0.005777707532093497
158 0.009869518641448466
90 0.006374795848480059
138 0.011695906432748537
137 0.013539855645118804
127 0.012556416065187995
125 0.01317106580264475
112 0.010975888168870625
124 0.013135942960504365
162 0.008657780587605149
153 0.010431484115694643
78 0.005127934952496356
87 0.006006006006006006
139 0.013206188644785136
110 0.010730028273887924
104 0.009448044535763834
133 0.012890083065521663
83 0.005777707532093497
84 0.006006006006006006
143 0.011572976485257187
136 0.012451047538766837
107 0.010238308483922518
159 0.009342676009342675
156 0.010255869904992712
175 0.006445041532760831
154 0.010132939957501362
96 0.007516288218042604
152 0.01123930948492352
91 0.00684895421737527
88 0.006480164374901217
147 0.01181883638023989
120 0.012802275960170697
111 0.011169063800642748
140 0.013311557171206294
129 0.013768154119031312
173 0.006304550164199287
117 0.011502730800976415
102 0.008517289219043605
92 0.006708462848813726
114 0.011379800853485065
116 0.012134941959503364
163 0.00948316737790422
131 0.013188627223714944
101 0.008973886166868623
123 0.012222749064854328
86 0.006164058795637743
99 0.008587534903324376
176 0.00632211158526948
157 0.010343677010343676
118 0.011713467853818731
171 0.006901638480585849
109 0.011379800853485065
179 0.005356233426408865
100 0.008921201903658044
108 0.009922202904659045
106 0.010326115589273484
164 0.00820118363978013
128 0.01194176632773124
126 0.01322375006585533
113 0.010817835379238888
170 0.006409918690620445
135 0.012626661749468767
144 0.012433486117696645
103 0.009623658746465764
115 0.012082257696292785
97 0.00820118363978013
169 0.007814832376235885
142 0.012415924696626451
161 0.009974887167869624
82 0.006006006006006006
150 0.011485169379906223
95 0.007639218165533955
168 0.007358235428410867
149 0.011783713538099504
85 0.005654777584602146
75 0.004934759320724233
89 0.006445041532760831
121 0.013381802855487067
